  1.0000e-02	  4.9000e+03	 -6.5100e+04	 -4.5100e+04	 -2.5100e+04
  2.0000e-02	  1.2000e+03	 -7.5500e+03	 -5.0500e+03	 -2.5500e+03
  3.0000e-02	  5.2222e+02	 -2.0704e+03	 -1.3296e+03	 -5.8889e+02
  4.0000e-02	  2.8750e+02	 -8.0625e+02	 -4.9375e+02	 -1.8125e+02
  5.0000e-02	  1.8000e+02	 -3.8000e+02	 -2.2000e+02	 -6.0000e+01
  6.0000e-02	  1.2222e+02	 -2.0185e+02	 -1.0926e+02	 -1.6667e+01
  7.0000e-02	  8.7755e+01	 -1.1633e+02	 -5.8017e+01	  2.9155e-01
  8.0000e-02	  6.5625e+01	 -7.1094e+01	 -3.2031e+01	  7.0313e+00
  9.0000e-02	  5.0617e+01	 -4.5405e+01	 -1.7970e+01	  9.4650e+00
  1.0000e-01	  4.0000e+01	 -3.0000e+01	 -1.0000e+01	  1.0000e+01
  1.1000e-01	  3.2231e+01	 -2.0361e+01	 -5.3343e+00	  9.6920e+00
  1.2000e-01	  2.6389e+01	 -1.4120e+01	 -2.5463e+00	  9.0278e+00
  1.3000e-01	  2.1893e+01	 -9.9681e+00	 -8.6482e-01	  8.2385e+00
  1.4000e-01	  1.8367e+01	 -7.1429e+00	  1.4577e-01	  7.4344e+00
  1.5000e-01	  1.5556e+01	 -5.1852e+00	  7.4074e-01	  6.6667e+00
  1.6000e-01	  1.3281e+01	 -3.8086e+00	  1.0742e+00	  5.9570e+00
  1.7000e-01	  1.1419e+01	 -2.8292e+00	  1.2416e+00	  5.3124e+00
  1.8000e-01	  9.8765e+00	 -2.1262e+00	  1.3032e+00	  4.7325e+00
  1.9000e-01	  8.5873e+00	 -1.6183e+00	  1.2976e+00	  4.2134e+00
  2.0000e-01	  7.5000e+00	 -1.2500e+00	  1.2500e+00	  3.7500e+00
  2.1000e-01	  6.5760e+00	 -9.8262e-01	  1.1770e+00	  3.3366e+00
  2.2000e-01	  5.7851e+00	 -7.8888e-01	  1.0894e+00	  2.9677e+00
  2.3000e-01	  5.1040e+00	 -6.4930e-01	  9.9449e-01	  2.6383e+00
  2.4000e-01	  4.5139e+00	 -5.4977e-01	  8.9699e-01	  2.3437e+00
  2.5000e-01	  4.0000e+00	 -4.8000e-01	  8.0000e-01	  2.0800e+00
  2.6000e-01	  3.5503e+00	 -4.3241e-01	  7.0551e-01	  1.8434e+00
  2.7000e-01	  3.1550e+00	 -4.0136e-01	  6.1474e-01	  1.6308e+00
  2.8000e-01	  2.8061e+00	 -3.8265e-01	  5.2843e-01	  1.4395e+00
  2.9000e-01	  2.4970e+00	 -3.7312e-01	  4.4692e-01	  1.2670e+00
  3.0000e-01	  2.2222e+00	 -3.7037e-01	  3.7037e-01	  1.1111e+00
  3.1000e-01	  1.9771e+00	 -3.7260e-01	  2.9875e-01	  9.7009e-01
  3.2000e-01	  1.7578e+00	 -3.7842e-01	  2.3193e-01	  8.4229e-01
  3.3000e-01	  1.5611e+00	 -3.8679e-01	  1.6974e-01	  7.2627e-01
  3.4000e-01	  1.3841e+00	 -3.9691e-01	  1.1195e-01	  6.2080e-01
  3.5000e-01	  1.2245e+00	 -4.0816e-01	  5.8309e-02	  5.2478e-01
  3.6000e-01	  1.0802e+00	 -4.2010e-01	  8.5734e-03	  4.3724e-01
  3.7000e-01	  9.4960e-01	 -4.3235e-01	 -3.7510e-02	  3.5733e-01
  3.8000e-01	  8.3102e-01	 -4.4467e-01	 -8.0187e-02	  2.8430e-01
  3.9000e-01	  7.2321e-01	 -4.5685e-01	 -1.1969e-01	  2.1747e-01
  4.0000e-01	  6.2500e-01	 -4.6875e-01	 -1.5625e-01	  1.5625e-01
  4.1000e-01	  5.3540e-01	 -4.8026e-01	 -1.9007e-01	  1.0011e-01
  4.2000e-01	  4.5351e-01	 -4.9131e-01	 -2.2136e-01	  4.8591e-02
  4.3000e-01	  3.7858e-01	 -5.0184e-01	 -2.5029e-01	  1.2578e-03
  4.4000e-01	  3.0992e-01	 -5.1183e-01	 -2.7705e-01	 -4.2261e-02
  4.5000e-01	  2.4691e-01	 -5.2126e-01	 -3.0178e-01	 -8.2305e-02
  4.6000e-01	  1.8904e-01	 -5.3012e-01	 -3.2465e-01	 -1.1917e-01
  4.7000e-01	  1.3581e-01	 -5.3842e-01	 -3.4578e-01	 -1.5315e-01
  4.8000e-01	  8.6806e-02	 -5.4615e-01	 -3.6531e-01	 -1.8446e-01
  4.9000e-01	  4.1649e-02	 -5.5334e-01	 -3.8334e-01	 -2.1335e-01
  5.0000e-01	  0.0000e+00	 -5.6000e-01	 -4.0000e-01	 -2.4000e-01
  5.1000e-01	 -3.8447e-02	 -5.6615e-01	 -4.1538e-01	 -2.6460e-01
  5.2000e-01	 -7.3964e-02	 -5.7180e-01	 -4.2956e-01	 -2.8732e-01
  5.3000e-01	 -1.0680e-01	 -5.7699e-01	 -4.4265e-01	 -3.0831e-01
  5.4000e-01	 -1.3717e-01	 -5.8172e-01	 -4.5471e-01	 -3.2769e-01
  5.5000e-01	 -1.6529e-01	 -5.8603e-01	 -4.6582e-01	 -3.4560e-01
  5.6000e-01	 -1.9133e-01	 -5.8992e-01	 -4.7604e-01	 -3.6215e-01
  5.7000e-01	 -2.1545e-01	 -5.9343e-01	 -4.8544e-01	 -3.7744e-01
  5.8000e-01	 -2.3781e-01	 -5.9658e-01	 -4.9408e-01	 -3.9157e-01
  5.9000e-01	 -2.5855e-01	 -5.9938e-01	 -5.0200e-01	 -4.0462e-01
  6.0000e-01	 -2.7778e-01	 -6.0185e-01	 -5.0926e-01	 -4.1667e-01
  6.1000e-01	 -2.9562e-01	 -6.0402e-01	 -5.1590e-01	 -4.2779e-01
  6.2000e-01	 -3.1217e-01	 -6.0589e-01	 -5.2197e-01	 -4.3805e-01
  6.3000e-01	 -3.2754e-01	 -6.0749e-01	 -5.2750e-01	 -4.4752e-01
  6.4000e-01	 -3.4180e-01	 -6.0883e-01	 -5.3253e-01	 -4.5624e-01
  6.5000e-01	 -3.5503e-01	 -6.0992e-01	 -5.3710e-01	 -4.6427e-01
  6.6000e-01	 -3.6731e-01	 -6.1079e-01	 -5.4122e-01	 -4.7166e-01
  6.7000e-01	 -3.7870e-01	 -6.1144e-01	 -5.4495e-01	 -4.7845e-01
  6.8000e-01	 -3.8927e-01	 -6.1190e-01	 -5.4829e-01	 -4.8468e-01
  6.9000e-01	 -3.9908e-01	 -6.1216e-01	 -5.5128e-01	 -4.9040e-01
  7.0000e-01	 -4.0816e-01	 -6.1224e-01	 -5.5394e-01	 -4.9563e-01
  7.1000e-01	 -4.1658e-01	 -6.1216e-01	 -5.5628e-01	 -5.0040e-01
  7.2000e-01	 -4.2438e-01	 -6.1193e-01	 -5.5834e-01	 -5.0476e-01
  7.3000e-01	 -4.3160e-01	 -6.1154e-01	 -5.6013e-01	 -5.0872e-01
  7.4000e-01	 -4.3828e-01	 -6.1102e-01	 -5.6166e-01	 -5.1231e-01
  7.5000e-01	 -4.4444e-01	 -6.1037e-01	 -5.6296e-01	 -5.1556e-01
  7.6000e-01	 -4.5014e-01	 -6.0960e-01	 -5.6404e-01	 -5.1848e-01
  7.7000e-01	 -4.5539e-01	 -6.0872e-01	 -5.6491e-01	 -5.2110e-01
  7.8000e-01	 -4.6022e-01	 -6.0773e-01	 -5.6559e-01	 -5.2344e-01
  7.9000e-01	 -4.6467e-01	 -6.0665e-01	 -5.6608e-01	 -5.2552e-01
  8.0000e-01	 -4.6875e-01	 -6.0547e-01	 -5.6641e-01	 -5.2734e-01
  8.1000e-01	 -4.7249e-01	 -6.0421e-01	 -5.6657e-01	 -5.2894e-01
  8.2000e-01	 -4.7591e-01	 -6.0286e-01	 -5.6659e-01	 -5.3032e-01
  8.3000e-01	 -4.7902e-01	 -6.0145e-01	 -5.6647e-01	 -5.3149e-01
  8.4000e-01	 -4.8186e-01	 -5.9996e-01	 -5.6622e-01	 -5.3247e-01
  8.5000e-01	 -4.8443e-01	 -5.9841e-01	 -5.6585e-01	 -5.3328e-01
  8.6000e-01	 -4.8675e-01	 -5.9680e-01	 -5.6536e-01	 -5.3392e-01
  8.7000e-01	 -4.8884e-01	 -5.9514e-01	 -5.6477e-01	 -5.3439e-01
  8.8000e-01	 -4.9070e-01	 -5.9342e-01	 -5.6407e-01	 -5.3472e-01
  8.9000e-01	 -4.9236e-01	 -5.9166e-01	 -5.6329e-01	 -5.3492e-01
  9.0000e-01	 -4.9383e-01	 -5.8985e-01	 -5.6241e-01	 -5.3498e-01
  9.1000e-01	 -4.9511e-01	 -5.8800e-01	 -5.6146e-01	 -5.3492e-01
  9.2000e-01	 -4.9622e-01	 -5.8611e-01	 -5.6043e-01	 -5.3475e-01
  9.3000e-01	 -4.9717e-01	 -5.8419e-01	 -5.5933e-01	 -5.3446e-01
  9.4000e-01	 -4.9796e-01	 -5.8224e-01	 -5.5816e-01	 -5.3408e-01
  9.5000e-01	 -4.9861e-01	 -5.8026e-01	 -5.5693e-01	 -5.3361e-01
  9.6000e-01	 -4.9913e-01	 -5.7825e-01	 -5.5565e-01	 -5.3304e-01
  9.7000e-01	 -4.9952e-01	 -5.7622e-01	 -5.5431e-01	 -5.3239e-01
  9.8000e-01	 -4.9979e-01	 -5.7417e-01	 -5.5292e-01	 -5.3167e-01
  9.9000e-01	 -4.9995e-01	 -5.7209e-01	 -5.5148e-01	 -5.3087e-01
  1.0000e+00	 -5.0000e-01	 -5.7000e-01	 -5.5000e-01	 -5.3000e-01
  1.0100e+00	 -4.9995e-01	 -5.6789e-01	 -5.4848e-01	 -5.2907e-01
  1.0200e+00	 -4.9981e-01	 -5.6577e-01	 -5.4692e-01	 -5.2808e-01
  1.0300e+00	 -4.9958e-01	 -5.6364e-01	 -5.4533e-01	 -5.2703e-01
  1.0400e+00	 -4.9926e-01	 -5.6149e-01	 -5.4371e-01	 -5.2593e-01
  1.0500e+00	 -4.9887e-01	 -5.5933e-01	 -5.4206e-01	 -5.2478e-01
  1.0600e+00	 -4.9840e-01	 -5.5717e-01	 -5.4038e-01	 -5.2359e-01
  1.0700e+00	 -4.9786e-01	 -5.5500e-01	 -5.3867e-01	 -5.2235e-01
  1.0800e+00	 -4.9726e-01	 -5.5282e-01	 -5.3695e-01	 -5.2107e-01
  1.0900e+00	 -4.9659e-01	 -5.5064e-01	 -5.3520e-01	 -5.1976e-01
  1.1000e+00	 -4.9587e-01	 -5.4846e-01	 -5.3343e-01	 -5.1841e-01
  1.1100e+00	 -4.9509e-01	 -5.4627e-01	 -5.3165e-01	 -5.1703e-01
  1.1200e+00	 -4.9426e-01	 -5.4408e-01	 -5.2985e-01	 -5.1561e-01
  1.1300e+00	 -4.9338e-01	 -5.4190e-01	 -5.2803e-01	 -5.1417e-01
  1.1400e+00	 -4.9246e-01	 -5.3971e-01	 -5.2621e-01	 -5.1271e-01
  1.1500e+00	 -4.9149e-01	 -5.3752e-01	 -5.2437e-01	 -5.1122e-01
  1.1600e+00	 -4.9049e-01	 -5.3533e-01	 -5.2252e-01	 -5.0971e-01
  1.1700e+00	 -4.8944e-01	 -5.3315e-01	 -5.2066e-01	 -5.0818e-01
  1.1800e+00	 -4.8837e-01	 -5.3097e-01	 -5.1880e-01	 -5.0662e-01
  1.1900e+00	 -4.8725e-01	 -5.2879e-01	 -5.1692e-01	 -5.0506e-01
  1.2000e+00	 -4.8611e-01	 -5.2662e-01	 -5.1505e-01	 -5.0347e-01
  1.2100e+00	 -4.8494e-01	 -5.2445e-01	 -5.1316e-01	 -5.0187e-01
  1.2200e+00	 -4.8374e-01	 -5.2229e-01	 -5.1128e-01	 -5.0026e-01
  1.2300e+00	 -4.8252e-01	 -5.2013e-01	 -5.0939e-01	 -4.9864e-01
  1.2400e+00	 -4.8127e-01	 -5.1798e-01	 -5.0749e-01	 -4.9700e-01
  1.2500e+00	 -4.8000e-01	 -5.1584e-01	 -5.0560e-01	 -4.9536e-01
  1.2600e+00	 -4.7871e-01	 -5.1370e-01	 -5.0371e-01	 -4.9371e-01
  1.2700e+00	 -4.7740e-01	 -5.1157e-01	 -5.0181e-01	 -4.9205e-01
  1.2800e+00	 -4.7607e-01	 -5.0945e-01	 -4.9992e-01	 -4.9038e-01
  1.2900e+00	 -4.7473e-01	 -5.0734e-01	 -4.9802e-01	 -4.8871e-01
  1.3000e+00	 -4.7337e-01	 -5.0523e-01	 -4.9613e-01	 -4.8703e-01
  1.3100e+00	 -4.7200e-01	 -5.0314e-01	 -4.9424e-01	 -4.8535e-01
  1.3200e+00	 -4.7062e-01	 -5.0105e-01	 -4.9235e-01	 -4.8366e-01
  1.3300e+00	 -4.6922e-01	 -4.9897e-01	 -4.9047e-01	 -4.8197e-01
  1.3400e+00	 -4.6781e-01	 -4.9690e-01	 -4.8859e-01	 -4.8028e-01
  1.3500e+00	 -4.6639e-01	 -4.9484e-01	 -4.8671e-01	 -4.7859e-01
  1.3600e+00	 -4.6497e-01	 -4.9279e-01	 -4.8484e-01	 -4.7689e-01
  1.3700e+00	 -4.6353e-01	 -4.9075e-01	 -4.8298e-01	 -4.7520e-01
  1.3800e+00	 -4.6209e-01	 -4.8872e-01	 -4.8111e-01	 -4.7350e-01
  1.3900e+00	 -4.6064e-01	 -4.8670e-01	 -4.7926e-01	 -4.7181e-01
  1.4000e+00	 -4.5918e-01	 -4.8469e-01	 -4.7741e-01	 -4.7012e-01
  1.4100e+00	 -4.5772e-01	 -4.8269e-01	 -4.7556e-01	 -4.6843e-01
  1.4200e+00	 -4.5626e-01	 -4.8071e-01	 -4.7372e-01	 -4.6674e-01
  1.4300e+00	 -4.5479e-01	 -4.7873e-01	 -4.7189e-01	 -4.6505e-01
  1.4400e+00	 -4.5332e-01	 -4.7676e-01	 -4.7006e-01	 -4.6336e-01
  1.4500e+00	 -4.5184e-01	 -4.7480e-01	 -4.6824e-01	 -4.6168e-01
  1.4600e+00	 -4.5037e-01	 -4.7286e-01	 -4.6643e-01	 -4.6001e-01
  1.4700e+00	 -4.4889e-01	 -4.7092e-01	 -4.6463e-01	 -4.5833e-01
  1.4800e+00	 -4.4741e-01	 -4.6900e-01	 -4.6283e-01	 -4.5666e-01
  1.4900e+00	 -4.4593e-01	 -4.6709e-01	 -4.6104e-01	 -4.5499e-01
  1.5000e+00	 -4.4444e-01	 -4.6519e-01	 -4.5926e-01	 -4.5333e-01
  1.5100e+00	 -4.4296e-01	 -4.6329e-01	 -4.5749e-01	 -4.5168e-01
  1.5200e+00	 -4.4148e-01	 -4.6141e-01	 -4.5572e-01	 -4.5002e-01
  1.5300e+00	 -4.4000e-01	 -4.5955e-01	 -4.5396e-01	 -4.4838e-01
  1.5400e+00	 -4.3852e-01	 -4.5769e-01	 -4.5221e-01	 -4.4674e-01
  1.5500e+00	 -4.3704e-01	 -4.5584e-01	 -4.5047e-01	 -4.4510e-01
  1.5600e+00	 -4.3557e-01	 -4.5401e-01	 -4.4874e-01	 -4.4347e-01
  1.5700e+00	 -4.3409e-01	 -4.5218e-01	 -4.4701e-01	 -4.4185e-01
  1.5800e+00	 -4.3262e-01	 -4.5037e-01	 -4.4530e-01	 -4.4023e-01
  1.5900e+00	 -4.3115e-01	 -4.4857e-01	 -4.4359e-01	 -4.3862e-01
  1.6000e+00	 -4.2969e-01	 -4.4678e-01	 -4.4189e-01	 -4.3701e-01
  1.6100e+00	 -4.2822e-01	 -4.4500e-01	 -4.4021e-01	 -4.3541e-01
  1.6200e+00	 -4.2676e-01	 -4.4323e-01	 -4.3852e-01	 -4.3382e-01
  1.6300e+00	 -4.2531e-01	 -4.4147e-01	 -4.3685e-01	 -4.3223e-01
  1.6400e+00	 -4.2385e-01	 -4.3972e-01	 -4.3519e-01	 -4.3066e-01
  1.6500e+00	 -4.2241e-01	 -4.3799e-01	 -4.3354e-01	 -4.2908e-01
  1.6600e+00	 -4.2096e-01	 -4.3626e-01	 -4.3189e-01	 -4.2752e-01
  1.6700e+00	 -4.1952e-01	 -4.3455e-01	 -4.3026e-01	 -4.2596e-01
  1.6800e+00	 -4.1808e-01	 -4.3285e-01	 -4.2863e-01	 -4.2441e-01
  1.6900e+00	 -4.1665e-01	 -4.3115e-01	 -4.2701e-01	 -4.2287e-01
  1.7000e+00	 -4.1522e-01	 -4.2947e-01	 -4.2540e-01	 -4.2133e-01
  1.7100e+00	 -4.1380e-01	 -4.2780e-01	 -4.2380e-01	 -4.1980e-01
  1.7200e+00	 -4.1239e-01	 -4.2614e-01	 -4.2221e-01	 -4.1828e-01
  1.7300e+00	 -4.1097e-01	 -4.2449e-01	 -4.2063e-01	 -4.1677e-01
  1.7400e+00	 -4.0957e-01	 -4.2285e-01	 -4.1906e-01	 -4.1526e-01
  1.7500e+00	 -4.0816e-01	 -4.2122e-01	 -4.1749e-01	 -4.1376e-01
  1.7600e+00	 -4.0677e-01	 -4.1961e-01	 -4.1594e-01	 -4.1227e-01
  1.7700e+00	 -4.0538e-01	 -4.1800e-01	 -4.1439e-01	 -4.1079e-01
  1.7800e+00	 -4.0399e-01	 -4.1640e-01	 -4.1286e-01	 -4.0931e-01
  1.7900e+00	 -4.0261e-01	 -4.1481e-01	 -4.1133e-01	 -4.0784e-01
  1.8000e+00	 -4.0123e-01	 -4.1324e-01	 -4.0981e-01	 -4.0638e-01
  1.8100e+00	 -3.9987e-01	 -4.1167e-01	 -4.0830e-01	 -4.0492e-01
  1.8200e+00	 -3.9850e-01	 -4.1011e-01	 -4.0680e-01	 -4.0348e-01
  1.8300e+00	 -3.9715e-01	 -4.0857e-01	 -4.0530e-01	 -4.0204e-01
  1.8400e+00	 -3.9579e-01	 -4.0703e-01	 -4.0382e-01	 -4.0061e-01
  1.8500e+00	 -3.9445e-01	 -4.0550e-01	 -4.0235e-01	 -3.9919e-01
  1.8600e+00	 -3.9311e-01	 -4.0399e-01	 -4.0088e-01	 -3.9777e-01
  1.8700e+00	 -3.9178e-01	 -4.0248e-01	 -3.9942e-01	 -3.9636e-01
  1.8800e+00	 -3.9045e-01	 -4.0098e-01	 -3.9797e-01	 -3.9496e-01
  1.8900e+00	 -3.8913e-01	 -3.9950e-01	 -3.9653e-01	 -3.9357e-01
  1.9000e+00	 -3.8781e-01	 -3.9802e-01	 -3.9510e-01	 -3.9219e-01
  1.9100e+00	 -3.8650e-01	 -3.9655e-01	 -3.9368e-01	 -3.9081e-01
  1.9200e+00	 -3.8520e-01	 -3.9509e-01	 -3.9226e-01	 -3.8944e-01
  1.9300e+00	 -3.8390e-01	 -3.9364e-01	 -3.9086e-01	 -3.8808e-01
  1.9400e+00	 -3.8261e-01	 -3.9220e-01	 -3.8946e-01	 -3.8672e-01
  1.9500e+00	 -3.8133e-01	 -3.9077e-01	 -3.8807e-01	 -3.8537e-01
  1.9600e+00	 -3.8005e-01	 -3.8935e-01	 -3.8669e-01	 -3.8403e-01
  1.9700e+00	 -3.7878e-01	 -3.8793e-01	 -3.8532e-01	 -3.8270e-01
  1.9800e+00	 -3.7751e-01	 -3.8653e-01	 -3.8395e-01	 -3.8138e-01
  1.9900e+00	 -3.7625e-01	 -3.8514e-01	 -3.8260e-01	 -3.8006e-01
  2.0000e+00	 -3.7500e-01	 -3.8375e-01	 -3.8125e-01	 -3.7875e-01
  2.0100e+00	 -3.7375e-01	 -3.8237e-01	 -3.7991e-01	 -3.7745e-01
  2.0200e+00	 -3.7251e-01	 -3.8101e-01	 -3.7858e-01	 -3.7615e-01
  2.0300e+00	 -3.7128e-01	 -3.7965e-01	 -3.7726e-01	 -3.7486e-01
  2.0400e+00	 -3.7005e-01	 -3.7830e-01	 -3.7594e-01	 -3.7358e-01
  2.0500e+00	 -3.6883e-01	 -3.7695e-01	 -3.7463e-01	 -3.7231e-01
  2.0600e+00	 -3.6761e-01	 -3.7562e-01	 -3.7333e-01	 -3.7104e-01
  2.0700e+00	 -3.6640e-01	 -3.7429e-01	 -3.7204e-01	 -3.6979e-01
  2.0800e+00	 -3.6520e-01	 -3.7298e-01	 -3.7076e-01	 -3.6853e-01
  2.0900e+00	 -3.6400e-01	 -3.7167e-01	 -3.6948e-01	 -3.6729e-01
  2.1000e+00	 -3.6281e-01	 -3.7037e-01	 -3.6821e-01	 -3.6605e-01
  2.1100e+00	 -3.6163e-01	 -3.6908e-01	 -3.6695e-01	 -3.6482e-01
  2.1200e+00	 -3.6045e-01	 -3.6780e-01	 -3.6570e-01	 -3.6360e-01
  2.1300e+00	 -3.5928e-01	 -3.6652e-01	 -3.6445e-01	 -3.6238e-01
  2.1400e+00	 -3.5811e-01	 -3.6525e-01	 -3.6321e-01	 -3.6117e-01
  2.1500e+00	 -3.5695e-01	 -3.6399e-01	 -3.6198e-01	 -3.5997e-01
  2.1600e+00	 -3.5580e-01	 -3.6274e-01	 -3.6076e-01	 -3.5877e-01
  2.1700e+00	 -3.5465e-01	 -3.6150e-01	 -3.5954e-01	 -3.5758e-01
  2.1800e+00	 -3.5351e-01	 -3.6026e-01	 -3.5833e-01	 -3.5640e-01
  2.1900e+00	 -3.5237e-01	 -3.5903e-01	 -3.5713e-01	 -3.5523e-01
  2.2000e+00	 -3.5124e-01	 -3.5781e-01	 -3.5594e-01	 -3.5406e-01
  2.2100e+00	 -3.5012e-01	 -3.5660e-01	 -3.5475e-01	 -3.5290e-01
  2.2200e+00	 -3.4900e-01	 -3.5540e-01	 -3.5357e-01	 -3.5174e-01
  2.2300e+00	 -3.4789e-01	 -3.5420e-01	 -3.5239e-01	 -3.5059e-01
  2.2400e+00	 -3.4678e-01	 -3.5301e-01	 -3.5123e-01	 -3.4945e-01
  2.2500e+00	 -3.4568e-01	 -3.5182e-01	 -3.5007e-01	 -3.4831e-01
  2.2600e+00	 -3.4458e-01	 -3.5065e-01	 -3.4892e-01	 -3.4718e-01
  2.2700e+00	 -3.4350e-01	 -3.4948e-01	 -3.4777e-01	 -3.4606e-01
  2.2800e+00	 -3.4241e-01	 -3.4832e-01	 -3.4663e-01	 -3.4494e-01
  2.2900e+00	 -3.4134e-01	 -3.4716e-01	 -3.4550e-01	 -3.4383e-01
  2.3000e+00	 -3.4026e-01	 -3.4602e-01	 -3.4437e-01	 -3.4273e-01
  2.3100e+00	 -3.3920e-01	 -3.4488e-01	 -3.4326e-01	 -3.4163e-01
  2.3200e+00	 -3.3814e-01	 -3.4374e-01	 -3.4214e-01	 -3.4054e-01
  2.3300e+00	 -3.3708e-01	 -3.4262e-01	 -3.4104e-01	 -3.3946e-01
  2.3400e+00	 -3.3604e-01	 -3.4150e-01	 -3.3994e-01	 -3.3838e-01
  2.3500e+00	 -3.3499e-01	 -3.4039e-01	 -3.3885e-01	 -3.3730e-01
  2.3600e+00	 -3.3396e-01	 -3.3928e-01	 -3.3776e-01	 -3.3624e-01
  2.3700e+00	 -3.3292e-01	 -3.3818e-01	 -3.3668e-01	 -3.3518e-01
  2.3800e+00	 -3.3190e-01	 -3.3709e-01	 -3.3561e-01	 -3.3412e-01
  2.3900e+00	 -3.3088e-01	 -3.3600e-01	 -3.3454e-01	 -3.3307e-01
  2.4000e+00	 -3.2986e-01	 -3.3492e-01	 -3.3348e-01	 -3.3203e-01
  2.4100e+00	 -3.2885e-01	 -3.3385e-01	 -3.3242e-01	 -3.3099e-01
  2.4200e+00	 -3.2785e-01	 -3.3279e-01	 -3.3137e-01	 -3.2996e-01
  2.4300e+00	 -3.2685e-01	 -3.3173e-01	 -3.3033e-01	 -3.2894e-01
  2.4400e+00	 -3.2585e-01	 -3.3067e-01	 -3.2930e-01	 -3.2792e-01
  2.4500e+00	 -3.2486e-01	 -3.2962e-01	 -3.2826e-01	 -3.2690e-01
  2.4600e+00	 -3.2388e-01	 -3.2858e-01	 -3.2724e-01	 -3.2590e-01
  2.4700e+00	 -3.2290e-01	 -3.2755e-01	 -3.2622e-01	 -3.2489e-01
  2.4800e+00	 -3.2193e-01	 -3.2652e-01	 -3.2521e-01	 -3.2390e-01
  2.4900e+00	 -3.2096e-01	 -3.2550e-01	 -3.2420e-01	 -3.2291e-01
  2.5000e+00	 -3.2000e-01	 -3.2448e-01	 -3.2320e-01	 -3.2192e-01
  2.5100e+00	 -3.1904e-01	 -3.2347e-01	 -3.2220e-01	 -3.2094e-01
  2.5200e+00	 -3.1809e-01	 -3.2246e-01	 -3.2121e-01	 -3.1996e-01
  2.5300e+00	 -3.1714e-01	 -3.2147e-01	 -3.2023e-01	 -3.1900e-01
  2.5400e+00	 -3.1620e-01	 -3.2047e-01	 -3.1925e-01	 -3.1803e-01
  2.5500e+00	 -3.1526e-01	 -3.1948e-01	 -3.1828e-01	 -3.1707e-01
  2.5600e+00	 -3.1433e-01	 -3.1850e-01	 -3.1731e-01	 -3.1612e-01
  2.5700e+00	 -3.1340e-01	 -3.1753e-01	 -3.1635e-01	 -3.1517e-01
  2.5800e+00	 -3.1248e-01	 -3.1656e-01	 -3.1539e-01	 -3.1423e-01
  2.5900e+00	 -3.1156e-01	 -3.1559e-01	 -3.1444e-01	 -3.1329e-01
  2.6000e+00	 -3.1065e-01	 -3.1463e-01	 -3.1350e-01	 -3.1236e-01
  2.6100e+00	 -3.0974e-01	 -3.1368e-01	 -3.1256e-01	 -3.1143e-01
  2.6200e+00	 -3.0884e-01	 -3.1273e-01	 -3.1162e-01	 -3.1051e-01
  2.6300e+00	 -3.0794e-01	 -3.1179e-01	 -3.1069e-01	 -3.0959e-01
  2.6400e+00	 -3.0705e-01	 -3.1085e-01	 -3.0977e-01	 -3.0868e-01
  2.6500e+00	 -3.0616e-01	 -3.0992e-01	 -3.0885e-01	 -3.0777e-01
  2.6600e+00	 -3.0527e-01	 -3.0899e-01	 -3.0793e-01	 -3.0687e-01
  2.6700e+00	 -3.0439e-01	 -3.0807e-01	 -3.0702e-01	 -3.0597e-01
  2.6800e+00	 -3.0352e-01	 -3.0716e-01	 -3.0612e-01	 -3.0508e-01
  2.6900e+00	 -3.0265e-01	 -3.0625e-01	 -3.0522e-01	 -3.0419e-01
  2.7000e+00	 -3.0178e-01	 -3.0534e-01	 -3.0432e-01	 -3.0331e-01
  2.7100e+00	 -3.0092e-01	 -3.0444e-01	 -3.0343e-01	 -3.0243e-01
  2.7200e+00	 -3.0006e-01	 -3.0354e-01	 -3.0255e-01	 -3.0156e-01
  2.7300e+00	 -2.9921e-01	 -3.0265e-01	 -3.0167e-01	 -3.0069e-01
  2.7400e+00	 -2.9836e-01	 -3.0177e-01	 -3.0079e-01	 -2.9982e-01
  2.7500e+00	 -2.9752e-01	 -3.0089e-01	 -2.9992e-01	 -2.9896e-01
  2.7600e+00	 -2.9668e-01	 -3.0001e-01	 -2.9906e-01	 -2.9811e-01
  2.7700e+00	 -2.9585e-01	 -2.9914e-01	 -2.9820e-01	 -2.9726e-01
  2.7800e+00	 -2.9502e-01	 -2.9827e-01	 -2.9734e-01	 -2.9641e-01
  2.7900e+00	 -2.9419e-01	 -2.9741e-01	 -2.9649e-01	 -2.9557e-01
  2.8000e+00	 -2.9337e-01	 -2.9656e-01	 -2.9565e-01	 -2.9473e-01
  2.8100e+00	 -2.9255e-01	 -2.9570e-01	 -2.9480e-01	 -2.9390e-01
  2.8200e+00	 -2.9174e-01	 -2.9486e-01	 -2.9397e-01	 -2.9307e-01
  2.8300e+00	 -2.9093e-01	 -2.9401e-01	 -2.9313e-01	 -2.9225e-01
  2.8400e+00	 -2.9012e-01	 -2.9318e-01	 -2.9230e-01	 -2.9143e-01
  2.8500e+00	 -2.8932e-01	 -2.9234e-01	 -2.9148e-01	 -2.9062e-01
  2.8600e+00	 -2.8852e-01	 -2.9151e-01	 -2.9066e-01	 -2.8981e-01
  2.8700e+00	 -2.8773e-01	 -2.9069e-01	 -2.8984e-01	 -2.8900e-01
  2.8800e+00	 -2.8694e-01	 -2.8987e-01	 -2.8903e-01	 -2.8820e-01
  2.8900e+00	 -2.8616e-01	 -2.8906e-01	 -2.8823e-01	 -2.8740e-01
  2.9000e+00	 -2.8537e-01	 -2.8824e-01	 -2.8742e-01	 -2.8660e-01
  2.9100e+00	 -2.8460e-01	 -2.8744e-01	 -2.8663e-01	 -2.8581e-01
  2.9200e+00	 -2.8382e-01	 -2.8664e-01	 -2.8583e-01	 -2.8503e-01
  2.9300e+00	 -2.8306e-01	 -2.8584e-01	 -2.8504e-01	 -2.8425e-01
  2.9400e+00	 -2.8229e-01	 -2.8504e-01	 -2.8426e-01	 -2.8347e-01
  2.9500e+00	 -2.8153e-01	 -2.8425e-01	 -2.8348e-01	 -2.8270e-01
  2.9600e+00	 -2.8077e-01	 -2.8347e-01	 -2.8270e-01	 -2.8193e-01
  2.9700e+00	 -2.8002e-01	 -2.8269e-01	 -2.8193e-01	 -2.8116e-01
  2.9800e+00	 -2.7927e-01	 -2.8191e-01	 -2.8116e-01	 -2.8040e-01
  2.9900e+00	 -2.7852e-01	 -2.8114e-01	 -2.8039e-01	 -2.7964e-01
  3.0000e+00	 -2.7778e-01	 -2.8037e-01	 -2.7963e-01	 -2.7889e-01
